Time
0
11000
22000
32000
43000
53000
64000
74000
85000
96000
106000
117000
128000
139000
149000
160000
170000
180000
191000
202000
212000
222000
233000
243000
253000
263000
274000
285000
295000
305000
317000
327000
338000
348000
359000
370000
381000
391000
401000
411000
423000
433000
444000
454000
464000
474000
485000
495000
505000
516000
526000
537000
547000
558000
568000
579000
589000
599000
611000
621000
631000
642000
652000
662000
672000
682000
692000
702000
713000
723000
733000
743000
754000
764000
775000
786000
797000
807000
817000
827000
838000
848000
858000
868000
879000
889000
900000
910000
920000
931000
941000
951000
961000
971000
981000
991000
1002000
1012000
1023000
1033000
1043000
1053000
1064000
1074000
1084000
1094000
1104000
1115000
1125000
1136000
1147000
1158000
1168000
1179000
1190000
1200000
1211000
1221000
1231000
1241000
1252000
1263000
1273000
1283000
1293000
1304000
1314000
1325000
1335000
1345000
1356000
1366000
1376000
1386000
1396000
1406000
1417000
1427000
1437000
1448000
1458000
1468000
1478000
1488000
1498000
1509000
1519000
1530000
1540000
1551000
1561000
1571000
1581000
1591000
1602000
1612000
1623000
1634000
1644000
1655000
1666000
1676000
1687000
1697000
1707000
1718000
1728000
1738000
1748000
1758000
1769000
1779000
1790000
1801000
1811000
1821000
1831000
1842000
1852000
1862000
1873000
1884000
1894000
1904000
1915000
1927000
1937000
1947000
1957000
1967000
1978000
1989000
1999000
2010000
2020000
2030000
2040000
2051000
2061000
2072000
2083000
2093000
2103000
2114000
2124000
2135000
2145000
2155000
2166000
2176000
2188000
2198000
2208000
2219000
2229000
2240000
2250000
2261000
2271000
2281000
2291000
2302000
2312000
2323000
2333000
2344000
2354000
2364000
2374000
2384000
2395000
2405000
2415000
2425000
2435000
2446000
2457000
2467000
2478000
2488000
2498000
2508000
2518000
2529000
2539000
2549000
2560000
2570000
2581000
2591000
2602000
2613000
2623000
2634000
2645000
2655000
2665000
2676000
2686000
2696000
2707000
2717000
2728000
2738000
2748000
2759000
2769000
2779000
2790000
2800000
2810000
2821000
2832000
2843000
2855000
2865000
2875000
2886000
2896000
2906000
2916000
2926000
2936000
2947000
2957000
2968000
2978000
2988000
2999000
3009000
3020000
3031000
3041000
3051000
3061000
3072000
3082000
3093000
3104000
3115000
3126000
3136000
3147000
3157000
3167000
3177000
3188000
3199000
3209000
3219000
3229000
3240000
3250000
3261000
3272000
3282000
3292000
3303000
3314000
3324000
3334000
3344000
3354000
3364000
3374000
3384000
3394000
3405000
3415000
3425000
3436000
3447000
3457000
3467000
3477000
3487000
3498000
3508000
3518000
3529000
3539000
3549000
3560000
3571000
3581000
3591000
3602000
3612000
3622000
3633000
3643000
3654000
3664000
3674000
3685000
3696000
3706000
3716000
3726000
3736000
3747000
3757000
3768000
3778000
3789000
3799000
3810000
3820000
3831000
3841000
3852000
3864000
3875000
3885000
3896000
3907000
3917000
3927000
3938000
3948000
3959000
3969000
3979000
3989000
3999000
4011000
4022000
4032000
4043000
4054000
4064000
4074000
4085000
4095000
4106000
4116000
4127000
4138000
4149000
4159000
4169000
4179000
4189000
4200000
4210000
4221000
4231000
4242000
4252000
4263000
4273000
4284000
4295000
4307000
4317000
4328000
4339000
4349000
4359000
4369000
4380000
4390000
4401000
4412000
4422000
4433000
4443000
4453000
4464000
4474000
4484000
4494000
4505000
4515000
4525000
4536000
4547000
4557000
4567000
4577000
4587000
4598000
4608000
4619000
4630000
4641000
4651000
4662000
4672000
4682000
4692000
4702000
4712000
4723000
4734000
4744000
4754000
4764000
4775000
4785000
4795000
4806000
4817000
4827000
4838000
4848000
4858000
4869000
4879000
4889000
4900000
4910000
4920000
4931000
4941000
4952000
4962000
4973000
4983000
4993000
5004000
5016000
5027000
5037000
5047000
5057000
5067000
5078000
5088000
5099000
5109000
5119000
5129000
5140000
5150000
5160000
5170000
5181000
5191000
5201000
5211000
5221000
5231000
5241000
5252000
5262000
5272000
5283000
5294000
5304000
5315000
5325000
5336000
5347000
5359000
5369000
5379000
5389000
5399000
5409000
5419000
5430000
5440000
5450000
5462000
5472000
5483000
5494000
5505000
5515000
5526000
5537000
5547000
5557000
5567000
5578000
5588000
5598000
5608000
5618000
5629000
5639000
5649000
5661000
5671000
5681000
5693000
5703000
5714000
5725000
5736000
5747000
5757000
5768000
5778000
5788000
5799000
5809000
5819000
5830000
5840000
5851000
5861000
5871000
5882000
5893000
5903000
5914000
5924000
5934000
5944000
5955000
5965000
5976000
5986000
5997000
6007000
6018000
6028000
6038000
6048000
6060000
6070000
6080000
6092000
6102000
6112000
6122000
6132000
6142000
6152000
6164000
6175000
6185000
6195000
6206000
6217000
6228000
6238000
6249000
6260000
6271000
6281000
6291000
6302000
6313000
6323000
6334000
6344000
6355000
6366000
6376000
6387000
6397000
6408000
6419000
6429000
6440000
6450000
6460000
6472000
6482000
6492000
6502000
6512000
6522000
6532000
6542000
6553000
6563000
6574000
6585000
6595000
6606000
6616000
6626000
6637000
6647000
6658000
6668000
6679000
6689000
6699000
6711000
6721000
6731000
6742000
6753000
6763000
6774000
6784000
6795000
6806000
6816000
6827000
6838000
6848000
6858000
6869000
6879000
6890000
6900000
6910000
6920000
6930000
6941000
6952000
6962000
6972000
6983000
6994000
7004000
7015000
7025000
7036000
7046000
7057000
7067000
7077000
7087000
7101000
7112000
7122000
7132000
7143000
7154000
7164000
7175000
7185000
7195000
7206000
7217000
7227000
7238000
7248000
7259000
7269000
7280000
7290000
7301000
7311000
7321000
7331000
7342000
7352000
7363000
7373000
7383000
7393000
7403000
7414000
7425000
7436000
7446000
7456000
7467000
7477000
7487000
7498000
7509000
7519000
7529000
7539000
7550000
7560000
7572000
7582000
7593000
7603000
7613000
7624000
7635000
7645000
7656000
7666000
7677000
7687000
7698000
7708000
7719000
7730000
7740000
7751000
7761000
7771000
7782000
7792000
7802000
7813000
7823000
7834000
7844000
7854000
7865000
7875000
7886000
7896000
7907000
7917000
7928000
7939000
7950000
7961000
7971000
7981000
7992000
8002000
8012000
8024000
8035000
8045000
8055000
8065000
8075000
8086000
8096000
8107000
8118000
8129000
8139000
8150000
8160000
8170000
8180000
8190000
8200000
8211000
8221000
8232000
8242000
8252000
8262000
8272000
8283000
8294000
8304000
8315000
8325000
8335000
8346000
8357000
8367000
8377000
8387000
8398000
8409000
8420000
8431000
8441000
8451000
8461000
8471000
8482000
8493000
8504000
8514000
8524000
8534000
8545000
8555000
8565000
8575000
8586000
8596000
8606000
8616000
8627000
8638000
8648000
8658000
8669000
8679000
8689000
8699000
8710000
8720000
8730000
8741000
8752000
8762000
8772000
8782000
8793000
8804000
8814000
8825000
8835000
8845000
8856000
8866000
8877000
8887000
8898000
8909000
8919000
8930000
8941000
8951000
8961000
8972000
8982000
8992000
9002000
9013000
9023000
9033000
9043000
9054000
9065000
9075000
9085000
9096000
9106000
9116000
9127000
9137000
9147000
9158000
9168000
9179000
9189000
9199000
9209000
9220000
9230000
9241000
9251000
9261000
9272000
9282000
9293000
9303000
9314000
9324000
9334000
9345000
9355000
9365000
9375000
9386000
9396000
9406000
9417000
9427000
9438000
9448000
9458000
9469000
9479000
9490000
9500000
9511000
9521000
9531000
9542000
9552000
9562000
9573000
9583000
9595000
9606000
9616000
9627000
9638000
9648000
9658000
9668000
9678000
9688000
9698000
9709000
9719000
9729000
9740000
9751000
9762000
9772000
9783000
9793000
9804000
9814000
9824000
9834000
9845000
9855000
9866000
9876000
9886000
9896000
9907000
9917000
9928000
9938000
9948000
9959000
9969000
9979000
9989000
9999000
10009000
10019000
10030000
10040000
10050000
10061000
10071000
10081000
10092000
10102000
10113000
10124000
10135000
10146000
10156000
10166000
10177000
10188000
10198000
10209000
10220000
10231000
10242000
10252000
10262000
10272000
10282000
10293000
10303000
10314000
10324000
10334000
10345000
10356000
10367000
10377000
10387000
10398000
10408000
10418000
10429000
10439000
10449000
10460000
10470000
10480000
10492000
10502000
10512000
10522000
10533000
10544000
10554000
10564000
10574000
10585000
10595000
10606000
10617000
10627000
10638000
10648000
10658000
10668000
10679000
10689000
10700000
10710000
10720000
10730000
10740000
10751000
10761000
10771000
10782000
10793000
10803000
10815000
10825000
10835000
10846000
10857000
10867000
10878000
10889000
10899000
10910000
10920000
10930000
10941000
10951000
10961000
10971000
10982000
10992000
11002000
11013000
11024000
11035000
11045000
11055000
11065000
11076000
11086000
11096000
11107000
11117000
11128000
11138000
11149000
11159000
11169000
11179000
11189000
11199000
11209000
11219000
11229000
11240000
11250000
11261000
11271000
11281000
11291000
11302000
11313000
11323000
11333000
11344000
11355000
11365000
11376000
11386000
11397000
11408000
11418000
11429000
11439000
11450000
11460000
11470000
11481000
11491000
11501000
11512000
11523000
11533000
11544000
11554000
11564000
11575000
11585000
11598000
11610000
11620000
11630000
11641000
11652000
11662000
11672000
11682000
11693000
11703000
11713000
11724000
11735000
11746000
11756000
11766000
11777000
11787000
11799000
11809000
11820000
11830000
11840000
11851000
11861000
11872000
11882000
11892000
11902000
11914000
11924000
11934000
11945000
11955000
11966000
11976000
11986000
11997000
12007000
12018000
12028000
12039000
12049000
12059000
12069000
12080000
12090000
12100000
12110000
12121000
12131000
12141000
12151000
12162000
12174000
12185000
12195000
12207000
12217000
12227000
12237000
12248000
12259000
12269000
12280000
12291000
12301000
12312000
12322000
12332000
12343000
12353000
12363000
12374000
12384000
12395000
12406000
12416000
12426000
12437000
12447000
12457000
12467000
12478000
12488000
12499000
12509000
12520000
12530000
12540000
12552000
12562000
12572000
12583000
12593000
12603000
12614000
12625000
12635000
12645000
12656000
12666000
12676000
12686000
12697000
12707000
12717000
12728000
12739000
12749000
12760000
12770000
12781000
12791000
12802000
12813000
12823000
12833000
12843000
12853000
12863000
12874000
12885000
12895000
12906000
12916000
12927000
12937000
12948000
12959000
12970000
12981000
12991000
13001000
13012000
13022000
13033000
13044000
13054000
13065000
13076000
13086000
13096000
13107000
13117000
13127000
13138000
13148000
13159000
13169000
13179000
13189000
13200000
13210000
13220000
13230000
13241000
13252000
13262000
13272000
13283000
13293000
13303000
13314000
13325000
13335000
13345000
13355000
13366000
13376000
13387000
13398000
13408000
13418000
13428000
13438000
13448000
13459000
13469000
13480000
13490000
13501000
13512000
13522000
13532000
13543000
13553000
13563000
13574000
13585000
13595000
13606000
13616000
13627000
13637000
13648000
13658000
13669000
13679000
13689000
13699000
13711000
13722000
13732000
13743000
13753000
13764000
13774000
13784000
13794000
13805000
13816000
13827000
13837000
13848000
13858000
13870000
13880000
13891000
13901000
13912000
13922000
13933000
13943000
13954000
13964000
13975000
13985000
13995000
14006000
14017000
14028000
14038000
14048000
14059000
14070000
14080000
14090000
14101000
14112000
14122000
14133000
14143000
14153000
14164000
14174000
14185000
14195000
14205000
14216000
14227000
14238000
14249000
14259000
14270000
14280000
14290000
14300000
14311000
14322000
14333000
14343000
14353000
14365000
14375000
14386000
14397000
14407000
14418000
14428000
14438000
14450000
14461000
14472000
14482000
14493000
14503000
14513000
14523000
14534000
14545000
14555000
14566000
14576000
14586000
14596000
14606000
14617000
14627000
14638000
14648000
14659000
14669000
14680000
14690000
14701000
14711000
14721000
14731000
14742000
14753000
14763000
14774000
14784000
14795000
14806000
14816000
14827000
14838000
14848000
14859000
14870000
14880000
14890000
14900000
14910000
14921000
14931000
14942000
14952000
14963000
14973000
14983000
14993000
15003000
15014000
15024000
15034000
15044000
15054000
15065000
15075000
15086000
15097000
15108000
15118000
15129000
15139000
15149000
15159000
15169000
15180000
15191000
15201000
15211000
15222000
15232000
15243000
15254000
15265000
15276000
15286000
15297000
15307000
15318000
15328000
15338000
15350000
15360000
15371000
15382000
15393000
15403000
15414000
15424000
15434000
15445000
15455000
15465000
15475000
15486000
15496000
15506000
15516000
15527000
15537000
15547000
15557000
15567000
15578000
15588000
15600000
15611000
15622000
15632000
15642000
15652000
15662000
15673000
15683000
15695000
15705000
15715000
15726000
15736000
15746000
15758000
15768000
15778000
15790000
15800000
15810000
15821000
15832000
15842000
15853000
15864000
15875000
15885000
15895000
15906000
15917000
15927000
15938000
15948000
15958000
15968000
15978000
15988000
15998000
16009000
16019000
16030000
16040000
16051000
16062000
16073000
16083000
16093000
16104000
16115000
16125000
16136000
16146000
16156000
16167000
16177000
16188000
16198000
16210000
16220000
16231000
16241000
16251000
16262000
16272000
16282000
16293000
16303000
16315000
16326000
16336000
16346000
16356000
16366000
16376000
16386000
16397000
16407000
16418000
16428000
16439000
16450000
16460000
16470000
16480000
16492000
16502000
16513000
16523000
16534000
16544000
16554000
16565000
16575000
16585000
16596000
16606000
16617000
16628000
16638000
16649000
16659000
16669000
16680000
16691000
16701000
16711000
16721000
16731000
16742000
16752000
16762000
16773000
16784000
16794000
16804000
16815000
16825000
16835000
16845000
16856000
16867000
16878000
16888000
16898000
16909000
16919000
16930000
16940000
16950000
16960000
16970000
16981000
16991000
17001000
17011000
17021000
17031000
17041000
17051000
17061000
17072000
17084000
17094000
17105000
17117000
17127000
17138000
17148000
17160000
17170000
17181000
17191000
17202000
17212000
17222000
17232000
17243000
17254000
17265000
17275000
17285000
17296000
17306000
17317000
17327000
17338000
17348000
17358000
17369000
17379000
17389000
17399000
17410000
17420000
17430000
17441000
17451000
17462000
17472000
17483000
17494000
17505000
17515000
17525000
17536000
17546000
17556000
17567000
17577000
17587000
17598000
17609000
17619000
17630000
17640000
17651000
17661000
17671000
17681000
17692000
17702000
17713000
17723000
17734000
17744000
17754000
17765000
17775000
17786000
17797000
17808000
17818000
17828000
17838000
17849000
17861000
17872000
17883000
17893000
17903000
17913000
17924000
17934000
17945000
17956000
17967000
17977000
17987000
17997000
18007000
18017000
18028000
18039000
18049000
18061000
18071000
18081000
18091000
18101000
18112000
18122000
18132000
18142000
18152000
18163000
18174000
18184000
18194000
18204000
18215000
18225000
18235000
18246000
18257000
18267000
18278000
18288000
18298000
18309000
18319000
18330000
18341000
18352000
18362000
18372000
18384000
18394000
18404000
18415000
18425000
18435000
18446000
18457000
18468000
18478000
18489000
18499000
18509000
18520000
18531000
18541000
18551000
18562000
18572000
18582000
18592000
18603000
18614000
18624000
18635000
18646000
18656000
18666000
18676000
18686000
18696000
18707000
18717000
18728000
18738000
18749000
18759000
18770000
18780000
18791000
18801000
18811000
18821000
18832000
18843000
18854000
18864000
18876000
18886000
18897000
18907000
18917000
18928000
18938000
18948000
18958000
18969000
18979000
18990000
19001000
19011000
19022000
19032000
19043000
19053000
19063000
19073000
19083000
19094000
19105000
19115000
19125000
19135000
19145000
19156000
19166000
19176000
19186000
19197000
19207000
19217000
19227000
19238000
19248000
19259000
19270000
19280000
19292000
19302000
19312000
19324000
19334000
19344000
19355000
19366000
19376000
19386000
19396000
19406000
19417000
19427000
19438000
19448000
19458000
19469000
19479000
19489000
19499000
19510000
19521000
19531000
19541000
19552000
19562000
19572000
19582000
19592000
19602000
19613000
19624000
19635000
19646000
19657000
19667000
19677000
19688000
19698000
19709000
19719000
19730000
19740000
19750000
19761000
19773000
19784000
19794000
19805000
19815000
19825000
19836000
19847000
19857000
19867000
19878000
19888000
19899000
19911000
19921000
19931000
19942000
19953000
19963000
19974000
19985000
19996000
20006000
20016000
20026000
20036000
20046000
20056000
20066000
20077000
20088000
20098000
20108000
20118000
20128000
20138000
20149000
20159000
20170000
20180000
20190000
20200000
20211000
20221000
20231000
20241000
20251000
20262000
20272000
20282000
20293000
20303000
20313000
20323000
20333000
20344000
20354000
20365000
20375000
20385000
20395000
20406000
20417000
20428000
20438000
20448000
20459000
20470000
20480000
20490000
20500000
20510000
20521000
20531000
20541000
20552000
20562000
20573000
20583000
20593000
20603000
20614000
20624000
20636000
20646000
20656000
20666000
20676000
20686000
20697000
20707000
20717000
20727000
20738000
20749000
20759000
20770000
20780000
20791000
20801000
20811000
20822000
20832000
20842000
20854000
20864000
20874000
20884000
20895000
20905000
20916000
20926000
20937000
20947000
20958000
20968000
20979000
20990000
21000000
21011000
21021000
21032000
21042000
21052000
21062000
21073000
21083000
21094000
21104000
21115000
21126000
21136000
21148000
21158000
21168000
21178000
21189000
21199000
21210000
21221000
21231000
21241000
21252000
21262000
21272000
21282000
21293000
21303000
21313000
21323000
21334000
21345000
21356000
21366000
21376000
21387000
21398000
21409000
21419000
21430000
21440000
21450000
21460000
21471000
21481000
21491000
21501000
21512000
21522000
21532000
21543000
21553000
21563000
21574000
21584000
21595000
21605000
21616000
21627000
21638000
21648000
21659000
21669000
21679000
21689000
21699000
21710000
21720000
21731000
21742000
21753000
21763000
21773000
21784000
21794000
21804000
21814000
21824000
21835000
21846000
21856000
21867000
21878000
21888000
21899000
21909000
21920000
21930000
21941000
21951000
21962000
21972000
21983000
21994000
22004000
22014000
22025000
22036000
22046000
22057000
22067000
22078000
22088000
22098000
22109000
22119000
22130000
22140000
22150000
22160000
22170000
22181000
22192000
22202000
22212000
22223000
22234000
22244000
22255000
22265000
22275000
22285000
22295000
22306000
22316000
22326000
22336000
22347000
22358000
22368000
22378000
22388000
22398000
22408000
22419000
22430000
22440000
22450000
22461000
22472000
22482000
22492000
22503000
22514000
22525000
22535000
22546000
22556000
22567000
22577000
22587000
22597000
22607000
22618000
22628000
22639000
22649000
22660000
22670000
22680000
22690000
22701000
22711000
22721000
22731000
22742000
22752000
22763000
22774000
22784000
22795000
22806000
22816000
22827000
22837000
22848000
22858000
22869000
22879000
22889000
22900000
22910000
22920000
22930000
22941000
22951000
22961000
22971000
22982000
22992000
23002000
23013000
23023000
23034000
23045000
23055000
23065000
23075000
23086000
23096000
23106000
23117000
23127000
23137000
23147000
23158000
23169000
23180000
23190000
23200000
23210000
23221000
23232000
23243000
23253000
23263000
23274000
23284000
23294000
23305000
23315000
23326000
23337000
23347000
23357000
23368000
23378000
23389000
23399000
23410000
23420000
23431000
23441000
23451000
23461000
23471000
23482000
23492000
23503000
23513000
23523000
23533000
23543000
23553000
23563000
23574000
23585000
23595000
23606000
23616000
23626000
23637000
23647000
23657000
23667000
23678000
23689000
23699000
23710000
23721000
23732000
23743000
23754000
23764000
23774000
23784000
23794000
23804000
23815000
23825000
23836000
23847000
23858000
23868000
23878000
23888000
23898000
23909000
23920000
23930000
23940000
23950000
23960000
23971000
23981000
23992000
24003000
24013000
24024000
24034000
24044000
24054000
24065000
24076000
24086000
24097000
24107000
24117000
24128000
24138000
24149000
24160000
24170000
24180000
24190000
24200000
24210000
24220000
24230000
24240000
24250000
24261000
24272000
24282000
24293000
24303000
24313000
24324000
24334000
24345000
24355000
24365000
24375000
24386000
24397000
24407000
24417000
24427000
24438000
24448000
24459000
24470000
24480000
24491000
24502000
24512000
24522000
24533000
24544000
24554000
24564000
24576000
24586000
24596000
24606000
24617000
24627000
24638000
24649000
24659000
24670000
24680000
24690000
24700000
24711000
24721000
24731000
24742000
24754000
24765000
24775000
24785000
24795000
24806000
24816000
24827000
24838000
24849000
24859000
24869000
24880000
24890000
24900000
24910000
24921000
24931000
24941000
24952000
24962000
24973000
24983000
24994000
25004000
25015000
25026000
25036000
25047000
25057000
25067000
25077000
25088000
25099000
25111000
25121000
25131000
25142000
25152000
25163000
25174000
25184000
25195000
25206000
25216000
25227000
25238000
25249000
25259000
25270000
25280000
25291000
25303000
25314000
25324000
25334000
25344000
25354000
25365000
25375000
25386000
25396000
25406000
25417000
25427000
25438000
25448000
25459000
25470000
25480000
25490000
25500000
25511000
25521000
25531000
25542000
25552000
25563000
25574000
25584000
25595000
25606000
25616000
25627000
25638000
25648000
25659000
25670000
25680000
25690000
25700000
25710000
25720000
25731000
25741000
25751000
25762000
25772000
25782000
25792000
25803000
25813000
25823000
25835000
25846000
25856000
25866000
25877000
25887000
25897000
25907000
25918000
25928000
25939000
25949000
25960000
25972000
25982000
25993000
26003000
26013000
26023000
26034000
26044000
26054000
26065000
26076000
26086000
26096000
26107000
26117000
26127000
26138000
26149000
26159000
26170000
26180000
26190000
26200000
26212000
26222000
26233000
26243000
26254000
26264000
26274000
26285000
26295000
26305000
26316000
26327000
26337000
26348000
26359000
26369000
26380000
26390000
26401000
26411000
26422000
26432000
26443000
26454000
26465000
26475000
26485000
26496000
26506000
26517000
26527000
26538000
26550000
26560000
26570000
26581000
26591000
26602000
26613000
26623000
26634000
26645000
26656000
26666000
26676000
26686000
26696000
26707000
26717000
26728000
26738000
26749000
26759000
26769000
26779000
26790000
26801000
26811000
26822000
26832000
26843000
26854000
26865000
26875000
26886000
26896000
26907000
26917000
26927000
26938000
26948000
26958000
26968000
26978000
26989000
26999000
27010000
27020000
27031000
27041000
27051000
27062000
27072000
27082000
27093000
27103000
27113000
27124000
27134000
27144000
27155000
27166000
27176000
27187000
27198000
27209000
27220000
27230000
27241000
27251000
27261000
27271000
27281000
27292000
27302000
27312000
27323000
27333000
27344000
27355000
27366000
27376000
27386000
27396000
27406000
27416000
27427000
27437000
27447000
27457000
27467000
27478000
27488000
27498000
27508000
27518000
27529000
27539000
27549000
27560000
27570000
27581000
27591000
27601000
27611000
27622000
27632000
27643000
27654000
27665000
27675000
27685000
27695000
27706000
27716000
27726000
27736000
27747000
27757000
27768000
27778000
27789000
27799000
27809000
27819000
27829000
27840000
27850000
27861000
27871000
27881000
27891000
27902000
27913000
27923000
27933000
27943000
27953000
27964000
27975000
27985000
27995000
28005000
28016000
28027000
28038000
28049000
28060000
28070000
28080000
28090000
28100000
28110000
28121000
28131000
28142000
28153000
28163000
28174000
28184000
28194000
28205000
28215000
28225000
28236000
28246000
28256000
28266000
28277000
28287000
28297000
28308000
28318000
28329000
28339000
28350000
28360000
28370000
28380000
28391000
28401000
28412000
28422000
28432000
28442000
28453000
28464000
28474000
28484000
28494000
28504000
28514000
28525000
28535000
28546000
28556000
28567000
28578000
28588000
28598000
28609000
28619000
28630000
28640000
28651000
28661000
28671000
28682000
28693000
28704000
28715000
28725000
28736000
28746000
28756000
28766000
28777000
28787000
28798000
28809000
28820000
28830000
28840000
28851000
28861000
28871000
28881000
28891000
28901000
28912000
28924000
28935000
28946000
28956000
28966000
28978000
28988000
28999000
29009000
29020000
29030000
29040000
29051000
29062000
29072000
29082000
29092000
29103000
29113000
29124000
29134000
29144000
29154000
29165000
29175000
29185000
29195000
29206000
29217000
29227000
29237000
29248000
29258000
29269000
29279000
29290000
29301000
29312000
29322000
29332000
29342000
29352000
29363000
29373000
29383000
29394000
29404000
29415000
29425000
29435000
29446000
29456000
29466000
29477000
29487000
29497000
29507000
29517000
29528000
29538000
29548000
29559000
29569000
29579000
29590000
29600000
29610000
29620000
29630000
29640000
29651000
29662000
29672000
29682000
29693000
29703000
29714000
29725000
29735000
29746000
29757000
29767000
29778000
29789000
29799000
29809000
29819000
29829000
29840000
29850000
29860000
29870000
29880000
29890000
29900000
29910000
29920000
29932000
29942000
29952000
29963000
29974000
29984000
29994000
30004000
30014000
30024000
30034000
30045000
30055000
30066000
30077000
30087000
30098000
30108000
30118000
30128000
30138000
30149000
30159000
30169000
30179000
30190000
30200000
30211000
30221000
30232000
30242000
30252000
30262000
30272000
30283000
30294000
30304000
30315000
30326000
30336000
30347000
30357000
30367000
30378000
30389000
30399000
30409000
30419000
30429000
30440000
30450000
30460000
30470000
30481000
30491000
30502000
30512000
30524000
30535000
30545000
30555000
30566000
30577000
30587000
30598000
30608000
30618000
30629000
30639000
30649000
30659000
30670000
30680000
30691000
30702000
30712000
30722000
30732000
30743000
30753000
30763000
30774000
30784000
30794000
30806000
30817000
30827000
30838000
30848000
30858000
30868000
30879000
30891000
30902000
30912000
30923000
30933000
30943000
30954000
30964000
30974000
30985000
30995000
31005000
31016000
31026000
31036000
31047000
31057000
31068000
31078000
31088000
31098000
31108000
31118000
31129000
31139000
31149000
31160000
31170000
31180000
31191000
31201000
31212000
31222000
31233000
31243000
31254000
31264000
31274000
31285000
31295000
31305000
31316000
31326000
31336000
31346000
31357000
31367000
31378000
31389000
31399000
31410000
31420000
31430000
31441000
31451000
31461000
31472000
31483000
31493000
31504000
31516000
31526000
31536000
31547000
31558000
31568000
31579000
31590000
31601000
31612000
31622000
31633000
31643000
31653000
31664000
31675000
31686000
31696000
31706000
31717000
31727000
31737000
31747000
31757000
31767000
31778000
31788000
31799000
31809000
31819000
31830000
31840000
31851000
31862000
31872000
31883000
31894000
31904000
31915000
31925000
31935000
31945000
31956000
31966000
31977000
31988000
31998000
32008000
32018000
32028000
32039000
32049000
32059000
32070000
32081000
32091000
32102000
32112000
32122000
32132000
32142000
32153000
32163000
32174000
32184000
32194000
32204000
32214000
32225000
32236000
32246000
32257000
32267000
32278000
32288000
32300000
32310000
32320000
32330000
32340000
32350000
32362000
32372000
32382000
32392000
32403000
32413000
32423000
32434000
32444000
32454000
32464000
32474000
32484000
32495000
32506000
32516000
32526000
32536000
32547000
32558000
32568000
32579000
32589000
32599000
32610000
32620000
32631000
32641000
32652000
32662000
32672000
32683000
32694000
32704000
32715000
32727000
32737000
32747000
32758000
32768000
32778000
32788000
32798000
32808000
32819000
32830000
32840000
32850000
32860000
32870000
32880000
32891000
32902000
32913000
32923000
32933000
32944000
32954000
32964000
32975000
32985000
32996000
33006000
33017000
33027000
33039000
33049000
33059000
33069000
33079000
33089000
33100000
33112000
33122000
33132000
33143000
33153000
33164000
33175000
33187000
33197000
33207000
33218000
33229000
33239000
33249000
33261000
33271000
33282000
33292000
33302000
33312000
33323000
33334000
33344000
33355000
33366000
33376000
33386000
33397000
33407000
33418000
33429000
33439000
33449000
33459000
33469000
33480000
33490000
33501000
33511000
33521000
33532000
33542000
33553000
33563000
33574000
33584000
33594000
33605000
33616000
33627000
33637000
33648000
33658000
33669000
33679000
33690000
33700000
33712000
33722000
33732000
33742000
33753000
33763000
33773000
33784000
33794000
33805000
33815000
33825000
33836000
33847000
33857000
33868000
33878000
33888000
33899000
33910000
33920000
33931000
33942000
33953000
33963000
33974000
33984000
33995000
34006000
34016000
34027000
34038000
34049000
34059000
34070000
34080000
34090000
34100000
34110000
34121000
34131000
34141000
34152000
34163000
34173000
34183000
34194000
34204000
34214000
34224000
34235000
34246000
34256000
34267000
34278000
34289000
34299000
34309000
34320000
34330000
34340000
34350000
34361000
34372000
34382000
34392000
34403000
34414000
34424000
34435000
34445000
34455000
34465000
34476000
34486000
34497000
34507000
34517000
34528000
34538000
34549000
34559000
34569000
34579000
34590000
34600000
34611000
34621000
34633000
34643000
34653000
34663000
34674000
34684000
34694000
34705000
34715000
34726000
34736000
34747000
34759000
34769000
34780000
34791000
34801000
34811000
34821000
34831000
34841000
34851000
34861000
34872000
34882000
34893000
34903000
34913000
34924000
34936000
34946000
34957000
34967000
34977000
34987000
34998000
35008000
35018000
35028000
35038000
35048000
35058000
35069000
35079000
35089000
35099000
35110000
35121000
35132000
35143000
35154000
35164000
35175000
35186000
35196000
35206000
35216000
35227000
35238000
35249000
35260000
35271000
35282000
35292000
35303000
35313000
35323000
35333000
35344000
35355000
35365000
35375000
35386000
35396000
35407000
35417000
35427000
35437000
35448000
35458000
35469000
35479000
35489000
35500000
35511000
35521000
35531000
35542000
35553000
35563000
35573000
35584000
35595000
35605000
35615000
35626000
35636000
35646000
35657000
35667000
35677000
35687000
35697000
35707000
35719000
35729000
35739000
35750000
35760000
35770000
35780000
35790000
35801000
35812000
35822000
35832000
35842000
35853000
35863000
35873000
35883000
35894000
35904000
35915000
35926000
35937000
35947000
35958000
35968000
35978000
35988000
35999000
36010000
36021000
36031000
36041000
36051000
36062000
36072000
36082000
36093000
36103000
36113000
36123000
36133000
36143000
36155000
36166000
36176000
36187000
36198000
36208000
36218000
36228000
36239000
36250000
36261000
36272000
36283000
36293000
36304000
36314000
36324000
36334000
36345000
36356000
36367000
36377000
36387000
36398000
36408000
36419000
36429000
36440000
36450000
36460000
36470000
36480000
36490000
36500000
36511000
36521000
36532000
36542000
36553000
36563000
36574000
36585000
36596000
36607000
36617000
36628000
36638000
36649000
36660000
36670000
36680000
36690000
36701000
36711000
36722000
36732000
36742000
36753000
36763000
36774000
36784000
36794000
36804000
36814000
36824000
36835000
36846000
36857000
36867000
36878000
36889000
36899000
36909000
36919000
36930000
36940000
36950000
36960000
36970000
36980000
36991000
37001000
37011000
37021000
37032000
37042000
37052000
37062000
37072000
37083000
37094000
37104000
37115000
37126000
37136000
37146000
37156000
37167000
37177000
37188000
37198000
37209000
37219000
37230000
37240000
37250000
37260000
37270000
37281000
37291000
37302000
37313000
37323000
37334000
37344000
37354000
37364000
37374000
37385000
37395000
37406000
37417000
37427000
37438000
37448000
37459000
37469000
37480000
37490000
37501000
37511000
37521000
37532000
37543000
37553000
37563000
37574000
37584000
37595000
37605000
37615000
37626000
